//=================================================================================================================
//					CODE BỞI VĂN THÀNH
//					SDT/Zalo : 0782229639
//=================================================================================================================
//======================================================================================
//Data
//======================================================================================
//OnlyVip  = Chỉ dùng cho nhân vật Vip (Chua Xai Duoc)
//TienTe	= 0		Bless
//	   		= 1		Soul
//	   		= 2		Chaos
//	   		= 3		WCoin
//	   		= 4		WCoinP
//	   		= 5		GobinPoint

//Class    = 0,1,2	DW,SM,GM
//	   = 16,17,18	DK,BK,BM
//	   = 32,33,34	Elf,ME,HE
//	   = 48,49,50	MG,DM
//	   = 64,65,66	DL,LE
//	   = 80,81,82	SU,BS,DS
//	   = 83 84 RF
//======================================================================================
//BotIndex		Class		OnlyVip		TienTe		Name					StoreName			Map		X		Y		Dir
1
	0			0			0			3			"MUADE"					"::WCOINC::"		0		142		117		2
	1			16			0			3			"TreTrauVl"				"::WCOINC::"		0		140		120		4
	2			32			0			3			"Vuithoi"				"::WCOINC::"		0		137		119		3
	3			48			0			3			"ChanQua"				"::WCOINC::"		0		143		120		6
	4			64			0			3			"DCMCMM"				"::WCOINC::"		0		148		119		5
	5			83			0			3			"Gbeo1"					"::WCOINC::"		0		151		122		6

end                                                                                                     
//BotPet Items
//Slot:
//0 = Weapon
//1 = Shield
//2 = Helm
//3 = Armor
//4 = Pants
//5 = Gloves
//6 = Boots
//7 = Wings
//8 = Pet
//BotIndex	Slot	Type	Index	Level	Opt
2
	0	0	0	51	15	63
	0	1	6	5	15	63
	0	2	7	165	15	7
	0	3	8	165	15	7
	0	4	9	165	15	7
	0	5	10	165	15	7
	0	6	11	165	15	7
	0	7	12	37	15	7
	
	1	2	7	165	15	7
	1	3	8	165	15	7
	1	4	9	165	15	7
	1	5	10	165	15	7
	1	6	11	165	15	7
	1	7	12	37	15	7
	
	2	2	7	165	15	7
	2	3	8	165	15	7
	2	4	9	165	15	7
	2	5	10	165	15	7
	2	6	11	165	15	7
	2	7	12	37	15	7
	
	3	2	7	165	15	7
	3	3	8	165	15	7
	3	4	9	165	15	7
	3	5	10	165	15	7
	3	6	11	165	15	7
	3	7	12	37	15	7
	
	4	2	7	165	15	7
	4	3	8	165	15	7
	4	4	9	165	15	7
	4	5	10	165	15	7
	4	6	11	165	15	7
	4	7	12	37	15	7
	
	5	2	7	165	15	7
	5	3	8	165	15	7
	5	4	9	165	15	7
	5	5	10	165	15	7
	5	6	11	165	15	7
	5	7	12	37	15	7
	
	0	8	13	200	2	7
	1	8	13	80	2	7
	2	8	13	80	2	7
	3	8	13	80	2	7
	4	8	13	80	2	7
	5	8	13	80	2	7
	
end

//BotPet Items
3
//BotIndex	Value	ItemType	ItemIndex	iLevel	iOpt	iLuck	iSkill	iDur	iExc	iAnc	Sock1	Sock2	Sock3	Sock4	Sock5
0			1		12			15		0	0	0	0	0	0	0	-1  -1  -1	-1 -1 	//chaos
0			1		7			7		13	7	1	0	255	0	0	-1  -1  -1	-1 -1 	//chaos

1			1		12			15		0	0	0	0	0	0	0	-1  -1  -1	-1 -1 	//chaos
1			1		7			7		13	7	1	0	255	0	0	-1  -1  -1	-1 -1 	//chaos

2			1		12			15		0	0	0	0	0	0	0	-1  -1  -1	-1 -1 	//chaos
2			1		7			7		13	7	1	0	255	0	0	-1  -1  -1	-1 -1 	//chaos

3			1		12			15		0	0	0	0	0	0	0	-1  -1  -1	-1 -1 	//chaos
3			1		7			7		13	7	1	0	255	0	0	-1  -1  -1	-1 -1 	//chaos

4			1		12			15		0	0	0	0	0	0	0	-1  -1  -1	-1 -1 	//chaos
4			1		7			7		13	7	1	0	255	0	0	-1  -1  -1	-1 -1 	//chaos

5			1		12			15		0	0	0	0	0	0	0	-1  -1  -1	-1 -1 	//chaos
5			1		7			7		13	7	1	0	255	0	0	-1  -1  -1	-1 -1 	//chaos



end

