//=========================================================================================================================================
// NHServers www.nhservers.com.br
//=========================================================================================================================================
/////////////////////////////////////////////////////////////////////////////
//NPC NAME - 001 - Liaman the Barmaid
/////////////////////////////////////////////////////////////////////////////
//Index Type   	Level   Dur   	Skill   Luck   Option   ExcOp	SetOp	JoH	     OEx	Socket1	Socket2	Socket3	Socket4	Socket5
13	0	0	0	0	1	0	0	0	0	0	255	255	255	255	255	//Guardian Angel
13	1	0	0	0	1	0	0	0	0	0	255	255	255	255	255	//Imp
13	2	0	0	0	1	0	0	0	0	0	255	255	255	255	255	//Horn of Uniria
13	4	0	0	0	1	0	0	0	0	0	255	255	255	255	255	//Dark Horse
13	5	0	0	0	1	0	0	0	0	0	255	255	255	255	255	//Dark Raven
14	3	1	255	0	1	0	0	0	0	0	255	255	255	255	255	//Large Healing Potion
14	6	0	255	0	1	0	0	0	0	0	255	255	255	255	255	//Large Mana Potion
13  29      0       255     0       0       0       0 0 0 0 0 0 0 0 0 //Armor of Guardman
//==================================================================================================================================

end
