//=========================================================================================================================================
// NHServers www.nhservers.com.br
//=========================================================================================================================================
/////////////////////////////////////////////////////////////////////////////
//NPC NAME - 009 - Eo the Craftsman
/////////////////////////////////////////////////////////////////////////////
//Index Type   	Level   Dur   	Skill   Luck   Option   ExcOp	SetOp	JoH	OEx	Socket1	Socket2	Socket3	Socket4	Socket5
4	0	9	255	1	1	7	0	0	0	0	255	255	255	255	255	//Short Bow
4	1	9	255	1	1	7	0	0	0	0	255	255	255	255	255	//Bow
4	2	9	255	1	1	7	0	0	0	0	255	255	255	255	255	//Elven Bow
4	4	9	255	1	1	7	0	0	0	0	255	255	255	255	255	//Tiger Bow
4	6	9	255	1	1	7	0	0	0	0	255	255	255	255	255	//Chaos Nature Bow
4	16	9	255	1	1	7	0	0	0	0	255	255	255	255	255	//Saint Crossbow
4	7	0	255	0	0	0	0 0 0 0 0 0 0 0 0	//Bolt
4	15	0	255	0	0	0	0 0 0 0 0 0 0 0 0	//Arrow
end
