//============================================================================
//Drop Settings: Box of KUNDUN + 3 Drops Set cap 3+4
// TDA-TEAM.NET
//============================================================================
0
//EventName              DropZen   ItemDropRate   ItemDropCount   SetItemDropRate   ItemDropType   Fireworks	
"Box of Kundun 3"	     100000	   80		       1		        0		         0		       0
end

1
//Section   Type   MinLevel   MaxLevel   Skill   Luck   Option   Excellent
//==================== Vũ khí skill 3+4 + luck + tinh nang + ex ========================
0           16      0          0          1       0      1        1  // kiem huy diet
0           18      0          0          1       0      1        1  // Loi Phong Dao
0           20      0          0          1       0      1        1  // Cuong Phong Dao
0           32      0          0          1       0      1        1  // nam dam dia long

2           10      0          0          1       0      1        1  // truong bong toi
2           11      0          0          1       0      1        1  // Truong Kim Cuong

3           1		0          0          1       0      1        1  //Giao

4           16      0          0          1       0      1        1  // No Thanh
4           17      0          0          1       0      1        1  // Cung Thien menh

5           8       0          0          1       0      1        1  // gay huy diet
5           9       0          0          1       0      1        1  // Gay Trieu Hon
//Khien
6           4       0          0          1       1      1        0  // khien sat
6           5       0          0          1       1      1        0  // khien kim long
6           6       0          0          1       1      1        0  // khien xuong

//======================= Set đồ 3+4 + luck + tinh nang + ex ===========================
// Đồ DK
7           1       0          0          0       1      0        1  // hoa long
8           1       0          0          0       1      0        1  
9           1       0          0          0       1      0        1
10          1       0          0          0       1      0        1
11          1       0          0          0       1      0        1
7           34      0          0          0       1      0        1  // Hac Dieu C4
8           34      0          0          0       1      0        1
9           34      0          0          0       1      0        1
10          34      0          0          0       1      0        1
11          34      0          0          0       1      0        1
7           3       0          0          0       1      0        1  // ma thuat
8           3       0          0          0       1      0        1
9           3       0          0          0       1      0        1
10          3       0          0          0       1      0        1
11          3       0          0          0       1      0        1
7           7       0          0          0       1      0        1  //Sphinx set (nhan su)
8           7       0          0          0       1      0        1
9           7       0          0          0       1      0        1
10          7       0          0          0       1      0        1
11          7       0          0          0       1      0        1
8           15      0          0          0       1      0        1  // Phong Vu
9           15      0          0          0       1      0        1
10          15      0          0          0       1      0        1
11          15      0          0          0       1      0        1
7           13      0          0          0       1      0        1  // ngoc bich
8           13      0          0          0       1      0        1
9           13      0          0          0       1      0        1
10          13      0          0          0       1      0        1
11          13      0          0          0       1      0        1
7           14      0          0          0       1      0        1  // Kim Ngan
8           14      0          0          0       1      0        1
9           14      0          0          0       1      0        1
10          14      0          0          0       1      0        1
11          14      0          0          0       1      0        1
7           25      0          0          0       1      0        1  // thiet ma
8           25      0          0          0       1      0        1
9           25      0          0          0       1      0        1
10          25      0          0          0       1      0        1
11          25      0          0          0       1      0        1
7           26      0          0          0       1      0        1  // Huyen Thiet
8           26      0          0          0       1      0        1
9           26      0          0          0       1      0        1
10          26      0          0          0       1      0        1
11          26      0          0          0       1      0        1
7           39      0          0          0       1      0        1  // Thuat Si
8           39      0          0          0       1      0        1
9           39      0          0          0       1      0        1
10          39      0          0          0       1      0        1
11          39      0          0          0       1      0        1
7           59      0          0          0       1      0        1  // dia long
8           59      0          0          0       1      0        1
9           59      0          0          0       1      0        1
11          59      0          0          0       1      0        1
7           1       0          0          0       0      0        1  // hoa long
8           1       0          0          0       0      0        1  
9           1       0          0          0       0      0        1
10          1       0          0          0       0      0        1
11          1       0          0          0       0      0        1
7           34      0          0          0       0      0        1  // Hac Dieu C4
8           34      0          0          0       0      0        1
9           34      0          0          0       0      0        1
10          34      0          0          0       0      0        1
11          34      0          0          0       0      0        1
7           3       0          0          0       0      0        1  // ma thuat
8           3       0          0          0       0      0        1
9           3       0          0          0       0      0        1
10          3       0          0          0       0      0        1
11          3       0          0          0       0      0        1
7           7       0          0          0       0      0        1  //Sphinx set (nhan su)
8           7       0          0          0       0      0        1
9           7       0          0          0       0      0        1
10          7       0          0          0       0      0        1
11          7       0          0          0       0      0        1
8           15      0          0          0       0      0        1  // Phong Vu
9           15      0          0          0       0      0        1
10          15      0          0          0       0      0        1
11          15      0          0          0       0      0        1
7           13      0          0          0       0      0        1  // ngoc bich
8           13      0          0          0       0      0        1
9           13      0          0          0       0      0        1
10          13      0          0          0       0      0        1
11          13      0          0          0       0      0        1
7           14      0          0          0       0      0        1  // Kim Ngan
8           14      0          0          0       0      0        1
9           14      0          0          0       0      0        1
10          14      0          0          0       0      0        1
11          14      0          0          0       0      0        1
7           25      0          0          0       0      0        1  // thiet ma
8           25      0          0          0       0      0        1
9           25      0          0          0       0      0        1
10          25      0          0          0       0      0        1
11          25      0          0          0       0      0        1
7           26      0          0          0       0      0        1  // Huyen Thiet
8           26      0          0          0       0      0        1
9           26      0          0          0       0      0        1
10          26      0          0          0       0      0        1
11          26      0          0          0       0      0        1
7           39      0          0          0       0      0        1  // Thuat Si
8           39      0          0          0       0      0        1
9           39      0          0          0       0      0        1
10          39      0          0          0       0      0        1
11          39      0          0          0       0      0        1
7           59      0          0          0       0      0        1  // dia long
8           59      0          0          0       0      0        1
9           59      0          0          0       0      0        1
11          59      0          0          0       0      0        1

7           1       0          0          0       0      1        1  // hoa long
8           1       0          0          0       0      1        1  
9           1       0          0          0       0      1        1
10          1       0          0          0       0      1        1
11          1       0          0          0       0      1        1
7           34      0          0          0       0      1        1  // Hac Dieu C4
8           34      0          0          0       0      1        1
9           34      0          0          0       0      1        1
10          34      0          0          0       0      1        1
11          34      0          0          0       0      1        1
7           3       0          0          0       0      1        1  // ma thuat
8           3       0          0          0       0      1        1
9           3       0          0          0       0      1        1
10          3       0          0          0       0      1        1
11          3       0          0          0       0      1        1
7           7       0          0          0       0      1        1  //Sphinx set (nhan su)
8           7       0          0          0       0      1        1
9           7       0          0          0       0      1        1
10          7       0          0          0       0      1        1
11          7       0          0          0       0      1        1
8           15      0          0          0       0      1        1  // Phong Vu
9           15      0          0          0       0      1        1
10          15      0          0          0       0      1        1
11          15      0          0          0       0      1        1
7           13      0          0          0       0      1        1  // ngoc bich
8           13      0          0          0       0      1        1
9           13      0          0          0       0      1        1
10          13      0          0          0       0      1        1
11          13      0          0          0       0      1        1
7           14      0          0          0       0      1        1  // Kim Ngan
8           14      0          0          0       0      1        1
9           14      0          0          0       0      1        1
10          14      0          0          0       0      1        1
11          14      0          0          0       0      1        1
7           25      0          0          0       0      1        1  // thiet ma
8           25      0          0          0       0      1        1
9           25      0          0          0       0      1        1
10          25      0          0          0       0      1        1
11          25      0          0          0       0      1        1
7           26      0          0          0       0      1        1  // Huyen Thiet
8           26      0          0          0       0      1        1
9           26      0          0          0       0      1        1
10          26      0          0          0       0      1        1
11          26      0          0          0       0      1        1
7           39      0          0          0       0      1        1  // Thuat Si
8           39      0          0          0       0      1        1
9           39      0          0          0       0      1        1
10          39      0          0          0       0      1        1
11          39      0          0          0       0      1        1
7           59      0          0          0       0      1        1  // dia long
8           59      0          0          0       0      1        1
9           59      0          0          0       0      1        1
11          59      0          0          0       0      1        1
end
