0
//EventName              DropZen   ItemDropRate   ItemDropCount   SetItemDropRate   ItemDropType   Fireworks	
"Name"		             1000	   50		      5  		       0		         0		        0
end

1
//Section   Type   MinLevel   MaxLevel   Skill   Luck   Option   Excellent
5           8      0          3          1        1      1        1
5           9      0          3          1        1      1        1
0           13     0          3          1        1      1        1
0           16     0          3          1        1      1        1
0           31     0          3          1        1      1        1
2           7      0          3          1        1      1        1
2           9      0          3          1        1      1        1
2           10     0          3          1        1      1        1
2           11     0          3          1        1      1        1
3           10     0          3          1        1      1        1
4           16     0          3          1        1      1        1
4           17     0          3          1        1      1        1
4           9      0          3          1        1      1        1
4           14     0          3          1        1      1        1
4           16     0          3          1        1      1        1
5           5      0          3          1        1      1        1
5           6      0          3          1        1      1        1
5           16     0          3          1        1      1        1
5           21     0          3          1        1      1        1

7           34     0          3          0        1      1        1
8           34     0          3          0        1      1        1
9           34     0          3          0        1      1        1
10          34     0          3          0        1      1        1
11          34     0          3          0        1      1        1

7           35     0          3          0        1      1        1
8           35     0          3          0        1      1        1
9           35     0          3          0        1      1        1
10          35     0          3          0        1      1        1
11          35     0          3          0        1      1        1

7           36     0          3          0        1      1        1
8           36     0          3          0        1      1        1
9           36     0          3          0        1      1        1
10          36     0          3          0        1      1        1
11          36     0          3          0        1      1        1

8           37     0          3          0        1      1        1
9           37     0          3          0        1      1        1
10          37     0          3          0        1      1        1
11          37     0          3          0        1      1        1

7           38     0          3          0        1      1        1
8           38     0          3          0        1      1        1
9           38     0          3          0        1      1        1
10          38     0          3          0        1      1        1
11          38     0          3          0        1      1        1

7           29     0          3          0        1      1        1
8           29     0          3          0        1      1        1
9           29     0          3          0        1      1        1
10          29     0          3          0        1      1        1
11          29     0          3          0        1      1        1

7           30     0          3          0        1      1        1
8           30     0          3          0        1      1        1
9           30     0          3          0        1      1        1
10          30     0          3          0        1      1        1
11          30     0          3          0        1      1        1

7           31     0          3          0        1      1        1
8           31     0          3          0        1      1        1
9           31     0          3          0        1      1        1
10          31     0          3          0        1      1        1
11          31     0          3          0        1      1        1

8           32     0          3          0        1      1        1
9           32     0          3          0        1      1        1
10          32     0          3          0        1      1        1
11          32     0          3          0        1      1        1

7           33     0          3          0        1      1        1
8           33     0          3          0        1      1        1
9           33     0          3          0        1      1        1
10          33     0          3          0        1      1        1
11          33     0          3          0        1      1        1

7           43     0          3          0        1      1        1
8           43     0          3          0        1      1        1
9           43     0          3          0        1      1        1
10          43     0          3          0        1      1        1
11          43     0          3          0        1      1        1

7           73     0          3          0        1      1        1
8           73     0          3          0        1      1        1
9           73     0          3          0        1      1        1
11          73     0          3          0        1      1        1


6           13     1          3          1        1      1        1
6           14     1          3          1        1      1        1
6           16     1          3          1        1      1        1
end
2
//Section   Type   MinLevel   MaxLevel   Skill   Luck   Option   Excellent   SetOption   SocketOption   
0           26     0          3          1       1      1        1           0           1
0           27     0          3          1       1      1        1           0           1
0           28     0          3          1       1      1        1           0           1
2           16     0          3          1       1      1        1           0           1
2           17     0          3          1       1      1        1           0           1
4           23     0          3          1       1      1        1           0           1
5           30     0          3          0       1      1        1           0           1
5           31     0          3          0       1      1        1           0           1
5           32     0          3          0       1      1        1           0           1
6           17     0          3          1       1      1        1           0           1
6           18     0          3          1       1      1        1           0           1
6           19     0          3          1       1      1        1           0           1
6           20     0          3          1       1      1        1           0           1
7           45     0          3          0       1      1        1           0           1
7           46     0          3          0       1      1        1           0           1
7           49     0          3          0       1      1        1           0           1
7           50     0          3          0       1      1        1           0           1
7           51     0          3          0       1      1        1           0           1
7           52     0          3          0       1      1        1           0           1
7           53     0          3          0       1      1        1           0           1
8           45     0          3          0       1      1        1           0           1
8           46     0          3          0       1      1        1           0           1
8           47     0          3          0       1      1        1           0           1
8           48     0          3          0       1      1        1           0           1
8           49     0          3          0       1      1        1           0           1
8           50     0          3          0       1      1        1           0           1
8           51     0          3          0       1      1        1           0           1
8           52     0          3          0       1      1        1           0           1
8           53     0          3          0       1      1        1           0           1
9           45     0          3          0       1      1        1           0           1
9           46     0          3          0       1      1        1           0           1
9           47     0          3          0       1      1        1           0           1
9           48     0          3          0       1      1        1           0           1
9           49     0          3          0       1      1        1           0           1
9           50     0          3          0       1      1        1           0           1
9           51     0          3          0       1      1        1           0           1
9           52     0          3          0       1      1        1           0           1
9           53     0          3          0       1      1        1           0           1
10          45     0          3          0       1      1        1           0           1
10          46     0          3          0       1      1        1           0           1
10          47     0          3          0       1      1        1           0           1
10          48     0          3          0       1      1        1           0           1
10          49     0          3          0       1      1        1           0           1
10          50     0          3          0       1      1        1           0           1
10          51     0          3          0       1      1        1           0           1
10          52     0          3          0       1      1        1           0           1
10          53     0          3          0       1      1        1           0           1
11          45     0          3          0       1      1        1           0           1
11          46     0          3          0       1      1        1           0           1
11          47     0          3          0       1      1        1           0           1
11          48     0          3          0       1      1        1           0           1
11          49     0          3          0       1      1        1           0           1
11          50     0          3          0       1      1        1           0           1
11          51     0          3          0       1      1        1           0           1
11          52     0          3          0       1      1        1           0           1
11          53     0          3          0       1      1        1           0           1

12          70     0          0          0       0      0        0           0           1
12          71     0          0          0       0      0        0           0           1
12          72     0          0          0       0      0        0           0           1
12          73     0          0          0       0      0        0           0           1
12          74     0          0          0       0      0        0           0           1

end