0
//Index   Year   Month   Day   DoW   Hour   Minute   Second
//-----------------------------------------------------------------
0         *      *       *     *     19     00        0
1         *      *       *     *     19     00        0
2         *      *       *     *     19     05        0
3         *      *       *     *     19     10        0
4         *      *       *     *     19     15        0
5         *      *       *     *     19     20        0
6         *      *       *     *     19     25        0
7         *      *       *     *     19     30        0
8         *      *       *     *     19     35        0
9         *      *       *     *     19     40        0
//-----------------------------------------------------------------
end

1
//Index   RespawnMessage   DespawnMessage   BossIndex   BossMessage   InvasionTime
//-----------------------------------------------------------------
0         1900             1918              *             *            5400

1         *                *                 707          1909          300
2         1901             *                 799          1910          300
3         1902             *                 800          1911          300
4         1903             *                 801          1912          300
5         1904             *                 802          1913          300
6         1905             *                 803          1914          300
7         1906             *                 804          1915          300
8         1907             *                 805          1916          300
9         1908             *                 806          1917          300
end

2
//Index   Group   Map   Value
//-----------------------------------------------------------------
1         0       89     0
1         1       89     0
2         0       89     0
2         1       89     0
3         0       89     0
3         1       89     0
4         0       89     0
4         1       89     0
5         0       89     0
5         1       89     0
6         0       89     0
6         1       89     0
7         0       89     0
7         1       89     0
8         0       89     0
8         1       89     0
9         0       89     0
9         1       89     0
end

3
//Index   Group   MonsterClass   RegenType   RegenTime
//-----------------------------------------------------------------
1         0       707            0           0
1         1       455            1           0
//-----------------------------------------------------------------
2         0       799            0           0
2         1       018            1           0
//-----------------------------------------------------------------
3         0       800            0           0
3         1       025            1           0
//-----------------------------------------------------------------
4         0       801            0           0
4         1       035            1           0
//-----------------------------------------------------------------
5         0       802            0           0
5         1       048            1           0
//-----------------------------------------------------------------
6         0       803            0           0
6         1       441            1           0
//-----------------------------------------------------------------
7         0       804            0           0
7         1       445            1           0
//-----------------------------------------------------------------
8         0       805            0           0
8         1       306            1           0
//-----------------------------------------------------------------
9         0       806            0           0
9         1       561            1           0
//-----------------------------------------------------------------
end