//==============================================================================
//				MODULO PET EFFECT 		  Dev: Kapocha
//==============================================================================
//Type: 1 = Dinamic, 2 = Static, 3 = Skill.
//Size: Size in Game
//Timer: LargeRand for SkillEffect
//Join(x): Posicion in Model Pet
//==============================================================================
//Index	Join	Type	Effect	Size	        Timer	ColorR	 ColorG	    ColorB
//==============================================================================
//========================================================================================================================================
// GHOST HORSE
//========================================================================================================================================
//==============================================================================
//Index	Join	Type	Effect	Size	        Timer	ColorR	 ColorG	    ColorB
//==============================================================================                                       
//Dynamic
6911   42   1   32394   0.75   150.0   0.35   0.68   1.0
6911   52   1   32394   0.75   150.0   0.35   0.68   1.0
6911   74   1   32394   0.75   150.0   0.35   0.68   1.0
6911   85   1   32394   0.75   150.0   0.35   0.68   1.0
//Static
6911   17   2   32380   0.75    150.0   0.15   0.38   1.0
6911   18   2   32380   0.75    150.0   0.15   0.38   1.0
6911   23   2   32380   0.75    150.0   0.15   0.38   1.0
6911   28   2   32380   0.75    150.0   0.15   0.38   1.0
6911   29   2   32380   0.75    150.0   0.15   0.38   1.0
6911   33   2   32380   0.75    150.0   0.15   0.38   1.0
6911   34   2   32380   0.75    150.0   0.15   0.38   1.0
6911   63   2   32380   0.75    150.0   0.15   0.38   1.0
6911   96   2   32380   0.50    150.0   0.15   0.38   1.0
6911   97   2   32380   0.40    150.0   0.15   0.38   1.0
6911   98   2   32380   0.75    150.0   0.15   0.38   1.0
6911   99   2   32380   0.75    150.0   0.15   0.38   1.0
6911   103  2   32380   0.75    150.0   0.15   0.38   1.0
6911   31   2   32380   1.0     150.0   0.15   0.38   1.0
6911   64   2   32380   1.0     150.0   0.15   0.38   1.0
6911   65   2   32380   1.0     150.0   0.15   0.38   1.0
6911   66   2   32380   1.0     150.0   0.15   0.38   1.0
6911   90   2   32380   1.0     150.0   0.15   0.38   1.0
6911   42   2   32229   1.0     150.0   1.0   1.0   1.0
6911   52   2   32229   1.0     150.0   1.0   1.0   1.0
6911   74   2   32229   1.0     150.0   1.0   1.0   1.0
6911   85   2   32229   1.0     150.0   1.0   1.0   1.0
6911   43   2   32380   0.7     150.0   0.15   0.38   1.0
6911   44   2   32380   0.7     150.0   0.15   0.38   1.0
6911   45   2   32380   1.00    150.0   0.15   0.38   1.0
6911   53   2   32380   0.7     150.0   0.15   0.38   1.0
6911   54   2   32380   0.7     150.0   0.15   0.38   1.0
6911   58   2   32380   1.00    150.0   0.15   0.38   1.0
6911   75   2   32380   0.7     150.0   0.15   0.38   1.0
6911   76   2   32380   0.7     150.0   0.15   0.38   1.0
6911   77   2   32380   1.00    150.0   0.15   0.38   1.0
6911   86   2   32380   0.7     150.0   0.15   0.38   1.0
6911   87   2   32380   0.7     150.0   0.15   0.38   1.0
6911   88   2   32380   1.00    150.0   0.15   0.38   1.0
6911   78   2   32380   1.00    150.0   0.15   0.38   1.0
6911   89   2   32380   1.00    150.0   0.15   0.38   1.0
//========================================================================================================================================
// ICE DRAGON BLUE
//========================================================================================================================================
//==============================================================================
//Index	Join	Type	Effect	Size	        Timer	ColorR	 ColorG	    ColorB
//==============================================================================
//Dynamic
6902    19	   1	32394		1.75	150.0			0.0		0.5		 1.0
6902    60	   1	32394		1.75	150.0			0.0		0.5		 1.0
6902    103	   1	32394		1.75	150.0			0.0		0.5		 1.0
6902    121	   1	32394		1.75	150.0			0.0		0.5		 1.0
6902    19     1    32049		4.5     150.0     0.0     0.0     1.0
6902    60     1    32049		4.5     150.0     0.0     0.0     1.0
6902    103    1    32049		4.5     150.0     0.0     0.0     1.0
6902    121    1    32049		4.5     150.0     0.0     0.0     1.0
6902    11     1    32101		1.5     150.0     0.5     0.5     0.5
6902    19     1    32355		2.5      150.0     0.3     0.3     1.0
6902    60     1    32355		2.5      150.0     0.3     0.3     1.0
6902    103    1    32355		1.5      150.0     0.3     0.3     1.0
6902    121    1    2355		1.5      150.0     0.3     0.3     1.0
6902    19     1    32387		1.5     150.0     0.64    0.808   1.00
6902    60     1    32387		1.5     150.0     0.64    0.808   1.00
6902    103    1    32387		1.5     150.0     0.64    0.808   1.00
6902    121    1    32387		1.5     150.0     0.64    0.808   1.00

//Static
6902    2      2	32380		1.0		150.0			0.6     0.6      0.6 
6902    3      2	32380		1.0		150.0			0.6     0.6      0.6 
6902    4      2	32380		1.0		150.0			0.6     0.6      0.6 
6902    5      2	32380		1.0		150.0			0.6     0.6      0.6 
6902    6      2	32380		1.0		150.0			0.6     0.6      0.6 
6902    7      2	32380		1.0		150.0			0.6     0.6      0.6 
6902    8      2	32380		1.0		150.0			0.6     0.6      0.6 
6902    9      2	32380		1.0		150.0			0.6     0.6      0.6 
6902    12     2	32380		1.0		150.0			0.3     0.3      0.6 
6902    13     2	32380		1.0		150.0			0.3     0.3      0.6 
6902    15     2	32380		1.0		150.0			0.6     0.6      0.6 
6902    16     2	32380		1.0		150.0			0.6     0.6      0.6 
6902    17     2	32380		1.0		150.0			0.6     0.6      0.6 
6902    18     2	32380		1.0		150.0			0.6     0.6      0.6 
6902    19     2	32380		1.0		150.0			0.6     0.6      0.6 
6902    19     2	32380		1.0		150.0			0.0     0.6      1.0 
6902    57     2	32380		1.0		150.0			0.6     0.6      0.6 
6902    58     2	32380		1.0		150.0			0.6     0.6      0.6 
6902    59     2	32380		1.0		150.0			0.6     0.6      0.6 
6902    60     2	32380		1.0		150.0			0.6     0.6      0.6 
6902    60     2	32380		1.0		150.0			0.0     0.6      1.0 
6902    99     2	32380		1.0		150.0			0.6     0.6      0.6 
6902    100    2	32380		1.0		150.0			0.6     0.6      0.6 
6902    101    2	32380		1.0		150.0			0.6     0.6      0.6 
6902    102    2	32380		1.0		150.0			0.6     0.6      0.6 
6902    103    2	32380		1.0		150.0			0.6     0.6      0.6 
6902    103    2	32380		1.0		150.0			0.0     0.6      1.0 
6902    117    2	32380		1.0		150.0			0.6     0.6      0.6 
6902    118    2	32380		1.0		150.0			0.6     0.6      0.6 
6902    119    2	32380		1.0		150.0			0.6     0.6      0.6 
6902    120    2	32380		1.0		150.0			0.6     0.6      0.6 
6902    121    2	32380		1.0		150.0			0.6     0.6      0.6 
6902    121    2	32380		1.0		150.0			0.0     0.6      1.0 
6902    135    2	32380		1.0		150.0			0.6     0.6      0.6 
6902    136    2	32380		1.0		150.0			0.6     0.6      0.6 

//========================================================================================================================================
// ICE DRAGON RED
//========================================================================================================================================
//==============================================================================
//Index	Join	Type	Effect	Size	        Timer	ColorR	 ColorG	    ColorB
//==============================================================================
//Static
6903   2      2    32380	    1.0   	150.0      1.0     0.0     0.0   
6903   3      2    32380	    1.0  	150.0      1.0     0.0     0.0   
6903   4      2    32380	    1.0  	150.0      1.0     0.0     0.0  
6903   5      2    32380	    1.0    	150.0      1.0     0.0     0.0    
6903   6      2    32380	    1.0  	150.0      1.0     0.0     0.0   
6903   7      2    32380	    1.0  	150.0      1.0     0.0     0.0   
6903   8      2    32380	    1.0  	150.0      1.0     0.0     0.0   
6903   9      2    32380	    1.0   	150.0      1.0     0.0     0.0   
6903   12     2    32380	    1.0  	150.0      0.3     0.3     0.6   
6903   13     2    32380	    1.0  	150.0      0.3     0.3     0.6   
6903   15     2    32380	    1.0    	150.0      1.0     0.0     0.0   
6903   16     2    32380	    1.0    	150.0      1.0     0.0     0.0    
6903   17     2    32380	    1.0   	150.0      1.0     0.0     0.0   
6903   18     2    32380	    1.0     150.0      1.0     0.0     0.0    
6903   19     2    32380	    1.0    	150.0      1.0     0.0     0.0    
6903   19     2    32380	    1.0    	150.0      1.0     0.3     0.0    
6903   57     2    32380	    1.0    	150.0      1.0     0.0     0.0    
6903   58     2    32380	    1.0   	150.0      1.0     0.0     0.0   
6903   59     2    32380	    1.0    	150.0      1.0     0.0     0.0    
6903   60     2    32380	    1.0    	150.0      1.0     0.0     0.0    
6903   60     2    32380	    1.0     150.0      1.0     0.3     0.0      
6903   99     2    32380	    1.0   	150.0      1.0     0.0     0.0   
6903   100    2    32380	    1.0  	150.0      1.0     0.0     0.0  
6903   101    2    32380	    1.0   	150.0      1.0     0.0     0.0   
6903   102    2    32380	    1.0   	150.0      1.0     0.0     0.0   
6903   103    2    32380	    1.0   	150.0      1.0     0.0     0.0   
6903   103    2    32380	    1.0   	150.0      1.0     0.3     0.0   
6903   117    2    32380	    1.0   	150.0      1.0     0.0     0.0   
6903   118    2    32380	    1.0    	150.0      1.0     0.0     0.0    
6903   119    2    32380	    1.0   	150.0      1.0     0.0     0.0   
6903   120    2    32380	    1.0   	150.0      1.0     0.0     0.0   
6903   121    2    32380	    1.0   	150.0      1.0     0.0     0.0   
6903   135    2    32380	    1.0   	150.0      1.0     0.0     0.0   
6903   136    2    32380	    1.0   	150.0      1.0     0.0     0.0   
6903   121    2    32380	    1.0     150.0      1.0     0.3     0.0    

//Dynamic
6903	19	   1    32394       1.75    150.0       1.0     0.2     0.0                
6903	60	   1    32394       1.75    150.0       1.0     0.2     0.0                
6903	103	   1    32394       1.75    150.0       1.0     0.2     0.0               
6903	121	   1    32394       1.75    150.0       1.0     0.2     0.0
6903    19     1    32049		4.5     150.0       1.0     0.2   0.0
6903    60     1    32049		4.5     150.0       1.0     0.2   0.0
6903    103    1    32049		4.5     150.0       1.0     0.2   0.0
6903    121    1    32049		4.5     150.0       1.0     0.2   0.0
6903    11     1    32101		1.5     150.0       0.91    0.4   0.0
6903    19     1    32355		2.5     150.0       0.91     0.4   0.0
6903    60     1    32355		2.5     150.0       0.91     0.4   0.0
6903    103    1    32355		1.5     150.0       0.91     0.4   0.0
6903    121    1    2355		1.5     150.0       0.91     0.4   0.0
6903    19     1    32387		1.5     150.0       0.91     0.4   0.0
6903    60     1    32387		1.5     150.0       0.91     0.4   0.0
6903    103    1    32387		1.5     150.0       0.91     0.4   0.0
6903    121    1    32387		1.5     150.0       0.91     0.4   0.0              

//========================================================================================================================================
// GHOST
//========================================================================================================================================
//==============================================================================
//Index	Join	Type	Effect	Size	        Timer	ColorR	 ColorG	    ColorB
//==============================================================================
//Static
6904    3		2		32002 		 2.00	150.0	  1.0     0.5     0.0          
6904    4		2		32002 		 2.00	150.0	  1.0     0.5     0.0          
6904    5		2		32002 		 2.00	150.0	  1.0     0.5    0.0            
6904    3		2		32002 		 2.00	150.0	  1.0     0.5     0.0          
6904    4		2		32002 		 2.00	150.0	  1.0     0.5     0.0          
6904    5		2		32002 		 2.00	150.0	  1.0     0.5     0.0          
6904    6		2		32002 		 2.00	150.0	  1.0     0.5     0.0          
6904    7		2		32002 		 2.00	150.0	  1.0     0.5     0.0          
6904    8		2		32002 		 2.00	150.0	  1.0     0.5     0.0          
6904    9		2		32002 		 2.00	150.0	  1.0     0.5     0.0          
6904    9		2		32002 		 2.00	150.0	  1.0     0.5     0.0          
6904    9		2		32002 		 2.00	150.0	  1.0     0.5     0.0          
6904    10		2		32002 		 2.00	150.0	  1.0     0.5     0.0          
6904    13		2		32002 		 2.00	150.0	  1.0     0.5     0.0          
6904    20		2		32002 		 2.00	150.0	  1.0     0.5     0.0          
6904    21		2		32002 		 2.00	150.0	  0.80     0.3     0.0        
6904    26		2		32002 		 2.00	150.0	  1.0     0.5     0.0          
6904    27		2		32002 		 2.00	150.0	  0.80     0.3     0.0        
6904    31		2		32002 		 2.00	150.0	  1.0     0.5     0.0          
6904    33		2		32002 		 2.00	150.0	  1.0     0.5     0.0          
6904    34		2		32002 		 2.00	150.0	  1.0     0.5     0.0          
6904    35		2		32002 		 2.00	150.0	  1.0     0.5     0.0          
6904    36		2		32002 		 2.00	150.0	  0.80     0.3     0.0        
6904    37		2		32002 		 2.00	150.0	  0.80     0.3     0.0        
6904    41		2		32002 		 2.00	150.0	  1.0     0.5     0.0          
6904    42		2		32002 		 2.00	150.0	  1.0     0.5     0.0          
6904    43		2		32002 		 2.00	150.0	  1.0     0.5     0.0          
6904    44		2		32002 		 2.00	150.0	  0.80     0.3     0.0        
6904    45		2		32002 		 2.00	150.0	  0.80     0.3     0.0        
6904    49		2		32002 		 2.00	150.0	  0.80     0.3     0.0        
6904    50		2		32002 		 2.00	150.0	  0.80     0.3     0.0        
6904    51		2		32002 		 2.00	150.0	  1.0     0.5     0.0          
6904    52		2		32002 		 2.00	150.0	  1.0     0.5     0.0          
6904    55		2		32002 		 2.00	150.0	  1.0     0.5     0.0          
6904    57		2		32002 		 2.00	150.0	  1.0     0.5     0.0          
6904    42		2		32002 		 2.00	150.0	  1.0     0.5     0.0          
6904    43		2		32002 		 2.00	150.0	  1.0     0.5     0.0          
6904    22		2		32002 		 2.00	150.0	  0.80     0.3     0.0        
6904    22		2		32002 		 2.00	150.0	  0.80     0.3     0.0        
6904    23		2		32002 		 2.00	150.0	  0.80     0.3     0.0        
6904    23		2		32002 		 2.00	150.0	  0.80     0.3     0.0        
6904    28		2		32002 		 2.00	150.0	  0.80     0.3     0.0        
6904    28		2		32002 		 2.00	150.0	  0.80     0.3     0.0        
6904    29		2		32002 		 2.00	150.0	  0.80     0.3     0.0        
6904    29		2		32002 		 2.00	150.0	  0.80     0.3     0.0        
6904    3		2		32002 		 2.00	150.0	  1.0     0.5     0.0          
6904    4		2		32002 		 2.00	150.0	  1.0     0.5     0.0          
6904    5		2		32002 		 2.00	150.0	  1.0     0.5     0.0          
6904    6		2		32002 		 2.00	150.0	  1.0     0.5     0.0          
6904    7		2		32002 		 2.00	150.0	  1.0     0.5     0.0          
6904    8		2		32002 		 2.00	150.0	  1.0     0.5     0.0          
6904    9		2		32002 		 2.00	150.0	  1.0     0.5     0.0          
6904    10		2		32002 		 2.00	150.0	  1.0     0.5     0.0    

//Dynamic
6904    22		1		32394		1.00	150.0	  1.0     0.5     0.0 
6904    28		1		32394		1.00	150.0	  1.0     0.5     0.0 
6904    37		1		32394		1.00	150.0	  1.0     0.5     0.0 
6904    45		1		32394		1.00	150.0	  1.0     0.5     0.0

//========================================================================================================================================
// ICE DRAGON STEEL
//========================================================================================================================================
//==============================================================================
//Index	Join	Type	Effect	Size	        Timer	ColorR	 ColorG	    ColorB
//==============================================================================
//Static
6905	22	2	32380	0.75	150.0	0.40     0.40     0.40
6905	23	2	32380	0.50	150.0	0.40     0.40     0.40
6905	24	2	32380	1.50	150.0	0.40     0.40     0.40
6905	25	2	32380	1.50	150.0	0.40     0.40     0.40
6905	27	2	32380	0.75	150.0	0.40     0.40     0.40
6905	28	2	32380	1.50	150.0	0.40     0.40     0.40
6905	29	2	32380	1.50	150.0	0.40     0.40     0.40
6905	30	2	32380	1.50	150.0	0.40     0.40     0.40
6905	32	2	32380	0.75	150.0	0.40     0.40     0.40
6905	33	2	32380	0.50	150.0	0.40     0.40     0.40
6905	34	2	32380	1.50	150.0	0.40     0.40     0.40
6905	35	2	32380	1.50	150.0	0.40     0.40     0.40
6905	46	2	32380	0.75	150.0	0.40     0.40     0.40
6905	47	2	32380	0.50	150.0	0.40     0.40     0.40
6905	48	2	32380	1.50	150.0	0.40     0.40     0.40
6905	49	2	32380	1.50	150.0	0.40     0.40     0.40
6905	53	2	32380	1.50	150.0	0.40     0.40     0.40
6905	54	2	32380	0.75	150.0	0.40     0.40     0.40
6905	55	2	32380	0.50	150.0	0.40     0.40     0.40
6905	56	2	32380	1.50	150.0	0.40     0.40     0.40
6905	57	2	32380	1.50	150.0	0.40     0.40     0.40
6905	59	2	32380	0.75	150.0	0.40     0.40     0.40
6905	60	2	32380	0.50	150.0	0.40     0.40     0.40
6905	61	2	32380	1.50	150.0	0.40     0.40     0.40
6905	62	2	32380	1.50	150.0	0.40     0.40     0.40
6905	37	2	32380	0.25	150.0	0.98     0.80     0.07
6905	38	2	32380	0.50	150.0	0.98     0.80     0.07
6905	39	2	32380	0.25	150.0	0.98     0.80     0.07
6905	51	2	32380	0.25	150.0	0.98     0.80     0.07
6905	52	2	32380	0.25	150.0	0.98     0.80     0.07
6905	53	2	32380	0.50	150.0	0.98     0.80     0.07
6905	25	2	32380	0.25	150.0	0.98     0.80     0.07
6905	30	2	32380	0.25	150.0	0.98     0.80     0.07
6905	35	2	32380	0.25	150.0	0.98     0.80     0.07
6905	49	2	32380	0.25	150.0	0.98     0.80     0.07
6905	57	2	32380	0.25	150.0	0.98     0.80     0.07
6905	62	2	32380	0.25	150.0	0.98     0.80     0.07
6905	12	2	32380	1.00	150.0	0.85     0.57     0.00
6905	13	2	32380	1.00	150.0	0.85     0.57     0.00
6905	12	2	32131	0.50	150.0	1.00     1.00     1.00
6905	13	2	32131	0.50	150.0	1.00     1.00     1.00
//Dynamic
6905	18	1	32101	4.00	150.0	0.05     0.05     0.05
6905	44	1	32101	4.00	150.0	0.05     0.05     0.05
6905	70	1	32101	4.00	150.0	0.05     0.05     0.05
6905	76	1	32101	4.00	150.0	0.05     0.05     0.05

//========================================================================================================================================
// GHOST LION
//========================================================================================================================================
//==============================================================================
//Index	Join	Type	Effect	Size	        Timer	ColorR	 ColorG	    ColorB
//==============================================================================
//Static
6906	0 	2	32002	1.00	150.0	0.35     0.68     1.0
6906	1 	2	32002	1.00	150.0	0.35     0.68     1.0
6906	2 	2	32002	1.00	150.0	0.35     0.68     1.0
6906	3 	2	32002	1.00	150.0	0.35     0.68     1.0
6906	4 	2	32002	1.00	150.0	0.35     0.68     1.0
6906	5 	2	32002	1.00	150.0	0.35     0.68     1.0
6906	6 	2	32002	1.00	150.0	0.35     0.68     1.0
6906	7 	2	32002	1.00	150.0	0.35     0.68     1.0
6906	8 	2	32002	1.00	150.0	0.35     0.68     1.0
6906	9 	2	32002	1.00	150.0	0.35     0.68     1.0
6906	10	2	32002	1.00	150.0	0.35     0.68     1.0
6906	11	2	32002	1.00	150.0	0.35     0.68     1.0
6906	12	2	32002	1.00	150.0	0.35     0.68     1.0
6906	13	2	32002	1.00	150.0	0.35     0.68     1.0
6906	14	2	32002	1.00	150.0	0.35     0.68     1.0
6906	15	2	32002	1.00	150.0	0.35     0.68     1.0
6906	16	2	32002	1.00	150.0	0.35     0.68     1.0
6906	17	2	32002	1.00	150.0	0.35     0.68     1.0
6906	18	2	32002	1.00	150.0	0.35     0.68     1.0
6906	19	2	32002	1.00	150.0	0.35     0.68     1.0
6906	20	2	32002	1.00	150.0	0.35     0.68     1.0
6906	21	2	32002	1.00	150.0	0.35     0.68     1.0
6906	22	2	32002	1.00	150.0	0.35     0.68     1.0
6906	23	2	32002	1.00	150.0	0.35     0.68     1.0
6906	24	2	32002	1.00	150.0	0.35     0.68     1.0
6906	25	2	32002	1.00	150.0	0.35     0.68     1.0
6906	26	2	32002	1.00	150.0	0.35     0.68     1.0
6906	27	2	32002	1.00	150.0	0.35     0.68     1.0
6906	28	2	32002	1.00	150.0	0.35     0.68     1.0
6906	29	2	32002	1.00	150.0	0.35     0.68     1.0
6906	30	2	32002	1.00	150.0	0.35     0.68     1.0
6906	31	2	32002	1.00	150.0	0.35     0.68     1.0
6906	32	2	32002	1.00	150.0	0.35     0.68     1.0
6906	33	2	32002	1.00	150.0	0.35     0.68     1.0
6906	34	2	32002	1.00	150.0	0.35     0.68     1.0
6906	35	2	32002	1.00	150.0	0.35     0.68     1.0
6906	36	2	32002	1.00	150.0	0.35     0.68     1.0
6906	37	2	32002	1.00	150.0	0.35     0.68     1.0
6906	38	2	32002	1.00	150.0	0.35     0.68     1.0
6906	39	2	32002	1.00	150.0	0.35     0.68     1.0
6906	40	2	32002	1.00	150.0	0.35     0.68     1.0
6906	41	2	32002	1.00	150.0	0.35     0.68     1.0
6906	42	2	32002	1.00	150.0	0.35     0.68     1.0
6906	43	2	32002	1.00	150.0	0.35     0.68     1.0
6906	44	2	32002	1.00	150.0	0.35     0.68     1.0
6906	45	2	32002	1.00	150.0	0.35     0.68     1.0
6906	46	2	32002	1.00	150.0	0.35     0.68     1.0
6906	47	2	32002	1.00	150.0	0.35     0.68     1.0
6906	48	2	32002	1.00	150.0	0.35     0.68     1.0
6906	49	2	32002	1.00	150.0	0.35     0.68     1.0
6906	50	2	32002	1.00	150.0	0.35     0.68     1.0
6906	51	2	32002	1.00	150.0	0.35     0.68     1.0
6906	52	2	32002	1.00	150.0	0.35     0.68     1.0
6906	53	2	32002	1.00	150.0	0.35     0.68     1.0
6906	54	2	32002	1.00	150.0	0.35     0.68     1.0
6906	55	2	32002	1.00	150.0	0.35     0.68     1.0
6906	56	2	32002	1.00	150.0	0.35     0.68     1.0
6906	57	2	32002	1.00	150.0	0.35     0.68     1.0
//Dynamic


//Fierce Lion by Kapocha (fiercelion.bmd)
//Static
6907		41	2	32501	0.125	100	0.8     0.25    1.0
6907		41	2	32002	0.5  	100	0.8     0.25    1.0
6907		42	2	32501	0.125	100	0.8     0.25    1.0
6907		42	2	32002	0.5  	100	0.8     0.25    1.0
6907		40	2	32002	3.25 	100	0.2     0.3     0.6
6907		43	2	32002	3.25 	100	0.2     0.3     0.6
6907		44 	2	32002	3.25 	100	0.2     0.3     0.6
6907		105	2	32002	3.25 	100	0.2     0.3     0.6
6907		107	2	32002	3.25 	100	0.2     0.3     0.6
6907		108	2	32002	3.25 	100	0.2     0.3     0.6
6907		148	2	32002	3.25 	100	0.2     0.3     0.6
6907		156	2	32002	3.25 	100	0.2     0.3     0.6
6907		157	2	32002	3.25 	100	0.2     0.3     0.6
6907		58 	2	32002	2.0  	100	0.2     0.3     0.6
6907		62 	2	32002	2.0  	100	0.2     0.3     0.6
6907		63 	2	32002	2.0  	100	0.2     0.3     0.6
6907		89 	2	32002	2.0  	100	0.2     0.3     0.6
6907		125	2	32002	2.0  	100	0.2     0.3     0.6
6907		126	2	32002	2.0  	100	0.2     0.3     0.6
6907		127	2	32002	2.0  	100	0.2     0.3     0.6
6907		91 	2	32002	2.0  	100	0.2     0.3     0.6
6907		106	2	32002	2.0  	100	0.2     0.3     0.6
6907		77 	2	32002	2.0  	100	0.2     0.3     0.6
6907		81 	2	32002	2.0  	100	0.2     0.3     0.6
6907		82 	2	32002	2.0  	100	0.2     0.3     0.6
6907		90 	2	32002	2.0  	100	0.2     0.3     0.6
6907		144	2	32002	2.0  	100	0.2     0.3     0.6
6907		145	2	32002	2.0  	100	0.2     0.3     0.6
6907		146	2	32002	2.0  	100	0.2     0.3     0.6
6907		155	2	32002	2.0  	100	0.2     0.3     0.6
6907		155	2	32002	0.8  	100	0.2     0.3     0.6
6907		154	2	32002	0.8  	100	0.2     0.3     0.6
6907		48 	2	32229	1.15 	100	0.5     0.5     0.5
6907		67 	2	32229	1.15 	100	0.5     0.5     0.5
6907		112	2	32229	1.15 	100	0.5     0.5     0.5
6907		131	2	32229	1.15 	100	0.5     0.5     0.5
6907		50 	2	32229	1.15 	100	0.5     0.5     0.5
6907		53 	2	32229	1.15 	100	0.5     0.5     0.5
6907		56 	2	32229	1.15 	100	0.5     0.5     0.5
6907		69 	2	32229	1.15 	100	0.5     0.5     0.5
6907		72 	2	32229	1.15 	100	0.5     0.5     0.5
6907		75 	2	32229	1.15 	100	0.5     0.5     0.5
6907		114	2	32229	1.15 	100	0.5     0.5     0.5
6907		117	2	32229	1.15 	100	0.5     0.5     0.5
6907		120	2	32229	1.15 	100	0.5     0.5     0.5
6907		133	2	32229	1.15 	100	0.5     0.5     0.5
6907		136	2	32229	1.15 	100	0.5     0.5     0.5
6907		139	2	32229	1.15 	100	0.5     0.5     0.5
//Fierce Lion by Kapocha (fiercelion.bmd)
//Dynamic
6907		58 	1	32394	1.0	100	0.6     0.6     0.8
6907		77 	1	32394	1.0	100	0.6     0.6     0.8
6907		145	1	32394	1.0	100	0.6     0.6     0.8
6907		125	1	32394	1.0	100	0.6     0.6     0.8
6907		155	1	32394	1.0	100	0.6     0.6     0.8

//Fierce Lion Rare by Kapocha (fiercelionR.bmd)		
//Static
6908		41 	2	32501	0.125	100	0.8     0.25    1.0
6908		41 	2	32002	0.5  	100	0.8     0.25    1.0
6908		42 	2	32501	0.125	100	0.8     0.25    1.0
6908		42 	2	32002	0.5  	100	0.8     0.25    1.0
6908		40 	2	32002	3.25 	100	0.6     0.3     0.2
6908		43 	2	32002	3.25 	100	0.6     0.3     0.2
6908		44 	2	32002	3.25 	100	0.6     0.3     0.2
6908		105	2	32002	3.25 	100	0.6     0.3     0.2
6908		107	2	32002	3.25 	100	0.6     0.3     0.2
6908		108	2	32002	3.25 	100	0.6     0.3     0.2
6908		148	2	32002	3.25 	100	0.6     0.3     0.2
6908		156	2	32002	3.25 	100	0.6     0.3     0.2
6908		157	2	32002	3.25 	100	0.6     0.3     0.2
6908		58 	2	32002	2.0  	100	0.6     0.3     0.2
6908		62 	2	32002	2.0  	100	0.6     0.3     0.2
6908		63 	2	32002	2.0  	100	0.6     0.3     0.2
6908		89 	2	32002	2.0  	100	0.6     0.3     0.2
6908		125	2	32002	2.0  	100	0.6     0.3     0.2
6908		126	2	32002	2.0  	100	0.6     0.3     0.2
6908		127	2	32002	2.0  	100	0.6     0.3     0.2
6908		91 	2	32002	2.0  	100	0.6     0.3     0.2
6908		106	2	32002	2.0  	100	0.6     0.3     0.2
6908		77 	2	32002	2.0  	100	0.6     0.3     0.2
6908		81 	2	32002	2.0  	100	0.6     0.3     0.2
6908		82 	2	32002	2.0  	100	0.6     0.3     0.2
6908		90 	2	32002	2.0  	100	0.6     0.3     0.2
6908		144	2	32002	2.0  	100	0.6     0.3     0.2
6908		145	2	32002	2.0  	100	0.6     0.3     0.2
6908		146	2	32002	2.0  	100	0.6     0.3     0.2
6908		155	2	32002	2.0  	100	0.6     0.3     0.2
6908		155	2	32002	0.8  	100	0.6     0.3     0.2
6908		154	2	32002	0.8  	100	0.6     0.3     0.2
6908		48 	2	32431	1.15 	100	0.5     0.5     0.5
6908		67 	2	32431	1.15 	100	0.5     0.5     0.5
6908		112	2	32431	1.15 	100	0.5     0.5     0.5
6908		131	2	32431	1.15 	100	0.5     0.5     0.5
6908		50 	2	32431	1.15 	100	0.5     0.5     0.5
6908		53 	2	32431	1.15 	100	0.5     0.5     0.5
6908		56 	2	32431	1.15 	100	0.5     0.5     0.5
6908		69 	2	32431	1.15 	100	0.5     0.5     0.5
6908		72 	2	32431	1.15 	100	0.5     0.5     0.5
6908		75 	2	32431	1.15 	100	0.5     0.5     0.5
6908		114	2	32431	1.15 	100	0.5     0.5     0.5
6908		117	2	32431	1.15 	100	0.5     0.5     0.5
6908		120	2	32431	1.15 	100	0.5     0.5     0.5
6908		133	2	32431	1.15 	100	0.5     0.5     0.5
6908		136	2	32431	1.15 	100	0.5     0.5     0.5
6908		139	2	32431	1.15 	100	0.5     0.5     0.5
//Fierce Lion Rare by Kapocha (fiercelionR.bmd)
//Dynamic		
6908		58 	1	32392	1.0	100	0.8	0.6	0.6
6908		77 	1	32392	1.0	100	0.8	0.6	0.6
6908		145	1	32392	1.0	100	0.8	0.6	0.6
6908		125	1	32392	1.0	100	0.8	0.6	0.6
6908		155	1	32392	1.0	100	0.8	0.6	0.6

//========================================================================================================================================
// Dragon Zeus
//========================================================================================================================================
//==============================================================================
//Index	Join	Type	Effect	Size	        Timer	ColorR	 ColorG	    ColorB
//==============================================================================
//Dynamic
6909    19	   1	32394		1.75	150.0			0.0		0.5		 1.0
6909    60	   1	32394		1.75	150.0			0.0		0.5		 1.0
6909    103	   1	32394		1.75	150.0			0.0		0.5		 1.0
6909    121	   1	32394		1.75	150.0			0.0		0.5		 1.0
6909    19     1    32049		4.5     150.0     0.0     0.0     1.0
6909    60     1    32049		4.5     150.0     0.0     0.0     1.0
6909    103    1    32049		4.5     150.0     0.0     0.0     1.0
6909    121    1    32049		4.5     150.0     0.0     0.0     1.0
6909    11     1    32101		1.5     150.0     0.5     0.5     0.5
6909    19     1    32355		2.5      150.0     0.3     0.3     1.0
6909    60     1    32355		2.5      150.0     0.3     0.3     1.0
6909    103    1    32355		1.5      150.0     0.3     0.3     1.0
6909    121    1    2355		1.5      150.0     0.3     0.3     1.0
6909    19     1    32387		1.5     150.0     0.64    0.808   1.00
6909    60     1    32387		1.5     150.0     0.64    0.808   1.00
6909    103    1    32387		1.5     150.0     0.64    0.808   1.00
6909    121    1    32387		1.5     150.0     0.64    0.808   1.00

//Static
6909    2      2	32380		1.0		150.0			0.6     0.6      0.6 
6909    3      2	32380		1.0		150.0			0.6     0.6      0.6 
6909    4      2	32380		1.0		150.0			0.6     0.6      0.6 
6909    5      2	32380		1.0		150.0			0.6     0.6      0.6 
6909    6      2	32380		1.0		150.0			0.6     0.6      0.6 
6909    7      2	32380		1.0		150.0			0.6     0.6      0.6 
6909    8      2	32380		1.0		150.0			0.6     0.6      0.6 
6909    9      2	32380		1.0		150.0			0.6     0.6      0.6 
6909    12     2	32380		1.0		150.0			0.3     0.3      0.6 
6909    13     2	32380		1.0		150.0			0.3     0.3      0.6 
6909    15     2	32380		1.0		150.0			0.6     0.6      0.6 
6909    16     2	32380		1.0		150.0			0.6     0.6      0.6 
6909    17     2	32380		1.0		150.0			0.6     0.6      0.6 
6909    18     2	32380		1.0		150.0			0.6     0.6      0.6 
6909    19     2	32380		1.0		150.0			0.6     0.6      0.6 
6909    19     2	32380		1.0		150.0			0.0     0.6      1.0 
6909    57     2	32380		1.0		150.0			0.6     0.6      0.6 
6909    58     2	32380		1.0		150.0			0.6     0.6      0.6 
6909    59     2	32380		1.0		150.0			0.6     0.6      0.6 
6909    60     2	32380		1.0		150.0			0.6     0.6      0.6 
6909    60     2	32380		1.0		150.0			0.0     0.6      1.0 
6909    99     2	32380		1.0		150.0			0.6     0.6      0.6 
6909    100    2	32380		1.0		150.0			0.6     0.6      0.6 
6909    101    2	32380		1.0		150.0			0.6     0.6      0.6 
6909    102    2	32380		1.0		150.0			0.6     0.6      0.6 
6909    103    2	32380		1.0		150.0			0.6     0.6      0.6 
6909    103    2	32380		1.0		150.0			0.0     0.6      1.0 
6909    117    2	32380		1.0		150.0			0.6     0.6      0.6 
6909    118    2	32380		1.0		150.0			0.6     0.6      0.6 
6909    119    2	32380		1.0		150.0			0.6     0.6      0.6 
6909    120    2	32380		1.0		150.0			0.6     0.6      0.6 
6909    121    2	32380		1.0		150.0			0.6     0.6      0.6 
6909    121    2	32380		1.0		150.0			0.0     0.6      1.0 
6909    135    2	32380		1.0		150.0			0.6     0.6      0.6 
6909    136    2	32380		1.0		150.0			0.6     0.6      0.6 

//========================================================================================================================================
// Lion Zeus
//========================================================================================================================================
//==============================================================================
//Index	Join	Type	Effect	Size	        Timer	ColorR	 ColorG	    ColorB
//==============================================================================
//Static
6910	0 	2	32002	1.00	150.0	0.35     0.68     1.0
6910	2 	2	32002	1.00	150.0	0.35     0.68     1.0
6910	3 	2	32002	1.00	150.0	0.35     0.68     1.0
6910	4 	2	32002	1.00	150.0	0.35     0.68     1.0
6910	5 	2	32002	1.00	150.0	0.35     0.68     1.0
6910	6 	2	32002	1.00	150.0	0.35     0.68     1.0
6910	7 	2	32002	1.00	150.0	0.35     0.68     1.0
6910	8 	2	32002	1.00	150.0	0.35     0.68     1.0
6910	9 	2	32002	1.00	150.0	0.35     0.68     1.0
6910	10	2	32002	1.00	150.0	0.35     0.68     1.0
6910	11	2	32002	1.00	150.0	0.35     0.68     1.0
6910	12	2	32002	1.00	150.0	0.35     0.68     1.0
6910	13	2	32002	1.00	150.0	0.35     0.68     1.0
6910	15	2	32002	1.00	150.0	0.35     0.68     1.0
6910	16	2	32002	1.00	150.0	0.35     0.68     1.0
6910	17	2	32002	1.00	150.0	0.35     0.68     1.0
6910	18	2	32002	1.00	150.0	0.35     0.68     1.0
6910	19	2	32002	1.00	150.0	0.35     0.68     1.0
6910	20	2	32002	1.00	150.0	0.35     0.68     1.0
6910	22	2	32002	1.00	150.0	0.35     0.68     1.0
6910	26	2	32002	1.00	150.0	0.35     0.68     1.0
6910	27	2	32002	1.00	150.0	0.35     0.68     1.0
6910	28	2	32002	1.00	150.0	0.35     0.68     1.0
6910	29	2	32002	1.00	150.0	0.35     0.68     1.0
6910	30	2	32002	1.00	150.0	0.35     0.68     1.0
6910	31	2	32002	1.00	150.0	0.35     0.68     1.0
6910	32	2	32002	1.00	150.0	0.35     0.68     1.0
6910	33	2	32002	1.00	150.0	0.35     0.68     1.0
6910	34	2	32002	1.00	150.0	0.35     0.68     1.0
6910	35	2	32002	1.00	150.0	0.35     0.68     1.0
6910	36	2	32002	1.00	150.0	0.35     0.68     1.0
6910	37	2	32002	1.00	150.0	0.35     0.68     1.0
6910	38	2	32002	1.00	150.0	0.35     0.68     1.0
6910	39	2	32002	1.00	150.0	0.35     0.68     1.0
6910	40	2	32002	1.00	150.0	0.35     0.68     1.0
6910	41	2	32002	1.00	150.0	0.35     0.68     1.0
6910	42	2	32002	1.00	150.0	0.35     0.68     1.0
6910	43	2	32002	1.00	150.0	0.35     0.68     1.0
6910	44	2	32002	1.00	150.0	0.35     0.68     1.0
6910	45	2	32002	1.00	150.0	0.35     0.68     1.0
6910	46	2	32002	1.00	150.0	0.35     0.68     1.0
6910	47	2	32002	1.00	150.0	0.35     0.68     1.0
6910	48	2	32002	1.00	150.0	0.35     0.68     1.0
6910	49	2	32002	1.00	150.0	0.35     0.68     1.0
6910	50	2	32002	1.00	150.0	0.35     0.68     1.0
6910	51	2	32002	1.00	150.0	0.35     0.68     1.0
6910	52	2	32002	1.00	150.0	0.35     0.68     1.0
6910	53	2	32002	1.00	150.0	0.35     0.68     1.0
6910	54	2	32002	1.00	150.0	0.35     0.68     1.0
//Dynamic
6910	0 	1	32387	0.00	150.0	0.35     0.68     1.0
6910	2 	1	32387	0.00	150.0	0.35     0.68     1.0
6910	3 	1	32387	0.00	150.0	0.35     0.68     1.0
6910	4 	1	32387	0.00	150.0	0.35     0.68     1.0
6910	5 	1	32387	0.00	150.0	0.35     0.68     1.0
6910	6 	1	32387	0.00	150.0	0.35     0.68     1.0
6910	7 	1	32387	0.00	150.0	0.35     0.68     1.0
6910	8 	1	32387	0.00	150.0	0.35     0.68     1.0
6910	9 	1	32387	0.00	150.0	0.35     0.68     1.0
6910	10	1	32387	0.00	150.0	0.35     0.68     1.0
6910	11	1	32387	0.00	150.0	0.35     0.68     1.0
6910	12	1	32387	0.00	150.0	0.35     0.68     1.0
6910	13	1	32387	0.00	150.0	0.35     0.68     1.0
6910	15	1	32387	0.00	150.0	0.35     0.68     1.0
6910	16	1	32387	0.00	150.0	0.35     0.68     1.0
6910	17	1	32387	0.00	150.0	0.35     0.68     1.0
6910	18	1	32387	0.00	150.0	0.35     0.68     1.0
6910	19	1	32387	0.00	150.0	0.35     0.68     1.0
6910	20	1	32387	0.00	150.0	0.35     0.68     1.0
6910	22	1	32387	0.00	150.0	0.35     0.68     1.0
6910	26	1	32387	0.00	150.0	0.35     0.68     1.0
6910	27	1	32387	0.00	150.0	0.35     0.68     1.0
6910	28	1	32387	0.00	150.0	0.35     0.68     1.0
6910	29	1	32387	0.00	150.0	0.35     0.68     1.0
6910	30	1	32387	0.00	150.0	0.35     0.68     1.0
6910	31	1	32387	0.00	150.0	0.35     0.68     1.0
6910	32	1	32387	0.00	150.0	0.35     0.68     1.0
6910	33	1	32387	0.00	150.0	0.35     0.68     1.0
6910	34	1	32387	0.00	150.0	0.35     0.68     1.0
6910	35	1	32387	0.00	150.0	0.35     0.68     1.0
6910	36	1	32387	0.00	150.0	0.35     0.68     1.0
6910	37	1	32387	0.00	150.0	0.35     0.68     1.0
6910	38	1	32387	0.00	150.0	0.35     0.68     1.0
6910	39	1	32387	0.00	150.0	0.35     0.68     1.0
6910	40	1	32387	0.00	150.0	0.35     0.68     1.0
6910	41	1	32387	0.00	150.0	0.35     0.68     1.0
6910	42	1	32387	0.00	150.0	0.35     0.68     1.0
6910	43	1	32387	0.00	150.0	0.35     0.68     1.0
6910	44	1	32387	0.00	150.0	0.35     0.68     1.0
6910	45	1	32387	0.00	150.0	0.35     0.68     1.0
6910	46	1	32387	0.00	150.0	0.35     0.68     1.0
6910	47	1	32387	0.00	150.0	0.35     0.68     1.0
6910	48	1	32387	0.00	150.0	0.35     0.68     1.0
6910	49	1	32387	0.00	150.0	0.35     0.68     1.0
6910	50	1	32387	0.00	150.0	0.35     0.68     1.0
6910	51	1	32387	0.00	150.0	0.35     0.68     1.0
6910	52	1	32387	0.00	150.0	0.35     0.68     1.0
6910	53	1	32387	0.00	150.0	0.35     0.68     1.0
6910	54	1	32387	0.00	150.0	0.35     0.68     1.0

//========================================================================
// Fenrir Ghost Blue
//========================================================================
6912            3       2       32002	2.0	100	0.00	0.15	1.00
6912            4       2       32002	2.0	100	0.00	0.15	1.00
6912            5       2       32002	2.0	100	0.00	0.15	1.00
6912            3       2       32002	2.0	100	0.00	0.15	1.00
6912            4       2       32002	2.0	100	0.00	0.15	1.00
6912            5       2       32002	2.0	100	0.00	0.15	1.00
6912            6       2       32002	2.0	100	0.00	0.15	1.00
6912            7       2       32002	2.0	100	0.00	0.15	1.00
6912            8       2       32002	2.0	100	0.00	0.15	1.00
6912            9       2       32002	2.0	100	0.00	0.15	1.00
6912            9       2       32002	2.0	100	0.00	0.15	1.00
6912            9       2       32002	2.0	100	0.00	0.15	1.00
6912            10      2       32002	2.0	100	0.00	0.15	1.00
6912            13      2       32002	2.0	100	0.00	0.15	1.00
6912            20      2       32002	2.0	100	0.00	0.15	1.00
6912            21      2       32002	2.0	100	0.00	0.15	1.00
6912            26      2       32002	2.0	100	0.00	0.15	1.00
6912            27      2       32002	2.0	100	0.00	0.15	1.00
6912            31      2       32002	2.0	100	0.00	0.15	1.00
6912            33      2       32002	2.0	100	0.00	0.15	1.00
6912            34      2       32002	2.0	100	0.00	0.15	1.00
6912            35      2       32002	2.0	100	0.00	0.15	1.00
6912            36      2       32002	2.0	100	0.00	0.15	1.00
6912            37      2       32002	2.0	100	0.00	0.15	1.00
6912            41      2       32002	2.0	100	0.00	0.15	1.00
6912            42      2       32002	2.0	100	0.00	0.15	1.00
6912            43      2       32002	2.0	100	0.00	0.15	1.00
6912            44      2       32002	2.0	100	0.00	0.15	1.00
6912            45      2       32002	2.0	100	0.00	0.15	1.00
6912            49      2       32002	2.0	100	0.00	0.15	1.00
6912            50      2       32002	2.0	100	0.00	0.15	1.00
6912            51      2       32002	2.0	100	0.00	0.15	1.00
6912            52      2       32002	2.0	100	0.00	0.15	1.00
6912            42      2       32002	2.0	100	0.00	0.15	1.00
6912            43      2       32002	2.0	100	0.00	0.15	1.00
6912            22      2       32002	2.0	100	0.00	0.15	1.00
6912            28      2       32002	2.0	100	0.00	0.15	1.00
6912            3       2       32002	2.0	100	0.00	0.15	1.00
6912            4       2       32002	2.0	100	0.00	0.15	1.00
6912            5       2       32002	2.0	100	0.00	0.15	1.00
6912            6       2       32002	2.0	100	0.00	0.15	1.00
6912            7       2       32002	2.0	100	0.00	0.15	1.00
6912            8       2       32002	2.0	100	0.00	0.15	1.00
6912            9       2       32002	2.0	100	0.00	0.15	1.00
6912            10      2       32002	2.0	100	0.00	0.15	1.00

//Green

6913            3       2       32002	2.5	100	0.2771	0.10	0.1425
6913            4       2       32002	2.5	100	0.2771	0.10	0.1425
6913            5       2       32002	2.5	100	0.2771	0.10	0.1425
6913            3       2       32002	2.5	100	0.2771	0.10	0.1425
6913            4       2       32002	2.5	100	0.2771	0.10	0.1425
6913            5       2       32002	2.5	100	0.2771	0.10	0.1425
6913            6       2       32002	2.5	100	0.2771	0.10	0.1425
6913            7       2       32002	2.5	100	0.2771	0.10	0.1425
6913            8       2       32002	2.5	100	0.2771	0.10	0.1425
6913            9       2       32002	2.5	100	0.2771	0.10	0.1425
6913            9       2       32002	2.5	100	0.2771	0.10	0.1425
6913            9       2       32002	2.5	100	0.2771	0.10	0.1425
6913            10      2       32002	2.5	100	0.2771	0.10	0.1425
6913            13      2       32002	2.5	100	0.2771	0.10	0.1425
6913            20      2       32002	2.5	100	0.2771	0.10	0.1425
6913            21      2       32002	2.5	100	0.2771	0.10	0.1425
6913            26      2       32002	2.5	100	0.2771	0.10	0.1425
6913            27      2       32002	2.5	100	0.2771	0.10	0.1425
6913            31      2       32002	2.5	100	0.2771	0.10	0.1425
6913            33      2       32002	2.5	100	0.2771	0.10	0.1425
6913            34      2       32002	2.5	100	0.2771	0.10	0.1425
6913            35      2       32002	2.5	100	0.2771	0.10	0.1425
6913            36      2       32002	2.5	100	0.2771	0.10	0.1425
6913            37      2       32002	2.5	100	0.2771	0.10	0.1425
6913            41      2       32002	2.5	100	0.2771	0.10	0.1425
6913            42      2       32002	2.5	100	0.2771	0.10	0.1425
6913            43      2       32002	2.5	100	0.2771	0.10	0.1425
6913            44      2       32002	2.5	100	0.2771	0.10	0.1425
6913            45      2       32002	2.5	100	0.2771	0.10	0.1425
6913            49      2       32002	2.5	100	0.2771	0.10	0.1425
6913            50      2       32002	2.5	100	0.2771	0.10	0.1425
6913            51      2       32002	2.5	100	0.2771	0.10	0.1425
6913            52      2       32002	2.5	100	0.2771	0.10	0.1425
6913            42      2       32002	2.5	100	0.2771	0.10	0.1425
6913            43      2       32002	2.5	100	0.2771	0.10	0.1425
6913            22      2       32002	2.5	100	0.2771	0.10	0.1425
6913            28      2       32002	2.5	100	0.2771	0.10	0.1425
6913            3       2       32002	2.5	100	0.2771	0.10	0.1425
6913            4       2       32002	2.5	100	0.2771	0.10	0.1425
6913            5       2       32002	2.5	100	0.2771	0.10	0.1425
6913            6       2       32002	2.5	100	0.2771	0.10	0.1425
6913            7       2       32002	2.5	100	0.2771	0.10	0.1425
6913            8       2       32002	2.5	100	0.2771	0.10	0.1425
6913            9       2       32002	2.5	100	0.2771	0.10	0.1425
6913            10      2       32002	2.5	100	0.2771	0.10	0.1425

// Red

6914            3       2       32002	2.5	100	1.0	0.10	0.28
6914            4       2       32002	2.5	100	1.0	0.10	0.28
6914            5       2       32002	2.5	100	1.0	0.10	0.28
6914            3       2       32002	2.5	100	1.0	0.10	0.28
6914            4       2       32002	2.5	100	1.0	0.10	0.28
6914            5       2       32002	2.5	100	1.0	0.10	0.28
6914            6       2       32002	2.5	100	1.0	0.10	0.28
6914            7       2       32002	2.5	100	1.0	0.10	0.28
6914            8       2       32002	2.5	100	1.0	0.10	0.28
6914            9       2       32002	2.5	100	1.0	0.10	0.28
6914            9       2       32002	2.5	100	1.0	0.10	0.28
6914            9       2       32002	2.5	100	1.0	0.10	0.28
6914            10      2       32002	2.5	100	1.0	0.10	0.28
6914            13      2       32002	2.5	100	1.0	0.10	0.28
6914            20      2       32002	2.5	100	1.0	0.10	0.28
6914            21      2       32002	2.5	100	1.0	0.10	0.28
6914            26      2       32002	2.5	100	1.0	0.10	0.28
6914            27      2       32002	2.5	100	1.0	0.10	0.28
6914            31      2       32002	2.5	100	1.0	0.10	0.28
6914            33      2       32002	2.5	100	1.0	0.10	0.28
6914            34      2       32002	2.5	100	1.0	0.10	0.28
6914            35      2       32002	2.5	100	1.0	0.10	0.28
6914            36      2       32002	2.5	100	1.0	0.10	0.28
6914            37      2       32002	2.5	100	1.0	0.10	0.28
6914            41      2       32002	2.5	100	1.0	0.10	0.28
6914            42      2       32002	2.5	100	1.0	0.10	0.28
6914            43      2       32002	2.5	100	1.0	0.10	0.28
6914            44      2       32002	2.5	100	1.0	0.10	0.28
6914            45      2       32002	2.5	100	1.0	0.10	0.28
6914            49      2       32002	2.5	100	1.0	0.10	0.28
6914            50      2       32002	2.5	100	1.0	0.10	0.28
6914            51      2       32002	2.5	100	1.0	0.10	0.28
6914            52      2       32002	2.5	100	1.0	0.10	0.28
6914            42      2       32002	2.5	100	1.0	0.10	0.28
6914            43      2       32002	2.5	100	1.0	0.10	0.28
6914            22      2       32002	2.5	100	1.0	0.10	0.28
6914            28      2       32002	2.5	100	1.0	0.10	0.28
6914           3       2       32002	2.5	100	1.0	0.10	0.28
6914           4       2       32002	2.5	100	1.0	0.10	0.28
6914           5       2       32002	2.5	100	1.0	0.10	0.28
6914           6       2       32002	2.5	100	1.0	0.10	0.28
6914           7       2       32002	2.5	100	1.0	0.10	0.28
6914           8       2       32002	2.5	100	1.0	0.10	0.28
6914           9       2       32002	2.5	100	1.0	0.10	0.28
6914           10      2       32002	2.5	100	1.0	0.10	0.28

// Gold
6915            3       2       32002	2.5	100	0.97	0.10	0.28
6915            4       2       32002	2.5	100	0.97	0.10	0.28
6915            5       2       32002	2.5	100	0.97	0.10	0.28
6915            3       2       32002	2.5	100	0.97	0.10	0.28
6915            4       2       32002	2.5	100	0.97	0.10	0.28
6915            5       2       32002	2.5	100	0.97	0.10	0.28
6915            6       2       32002	2.5	100	0.97	0.10	0.28
6915            7       2       32002	2.5	100	0.97	0.10	0.28
6915            8       2       32002	2.5	100	0.97	0.10	0.28
6915            9       2       32002	2.5	100	0.97	0.10	0.28
6915            9       2       32002	2.5	100	0.97	0.10	0.28
6915            9       2       32002	2.5	100	0.97	0.10	0.28
6915            10      2       32002	2.5	100	0.97	0.10	0.28
6915            13      2       32002	2.5	100	0.97	0.10	0.28
6915            20      2       32002	2.5	100	0.97	0.10	0.28
6915            21      2       32002	2.5	100	0.97	0.10	0.28
6915            26      2       32002	2.5	100	0.97	0.10	0.28
6915            27      2       32002	2.5	100	0.97	0.10	0.28
6915            31      2       32002	2.5	100	0.97	0.10	0.28
6915            33      2       32002	2.5	100	0.97	0.10	0.28
6915            34      2       32002	2.5	100	0.97	0.10	0.28
6915            35      2       32002	2.5	100	0.97	0.10	0.28
6915            36      2       32002	2.5	100	0.97	0.10	0.28
6915            37      2       32002	2.5	100	0.97	0.10	0.28
6915            41      2       32002	2.5	100	0.97	0.10	0.28
6915            42      2       32002	2.5	100	0.97	0.10	0.28
6915            43      2       32002	2.5	100	0.97	0.10	0.28
6915            44      2       32002	2.5	100	0.97	0.10	0.28
6915            45      2       32002	2.5	100	0.97	0.10	0.28
6915            49      2       32002	2.5	100	0.97	0.10	0.28
6915            50      2       32002	2.5	100	0.97	0.10	0.28
6915            51      2       32002	2.5	100	0.97	0.10	0.28
6915            52      2       32002	2.5	100	0.97	0.10	0.28
6915            42      2       32002	2.5	100	0.97	0.10	0.28
6915            43      2       32002	2.5	100	0.97	0.10	0.28
6915            22      2       32002	2.5	100	0.97	0.10	0.28
6915            28      2       32002	2.5	100	0.97	0.10	0.28
6915            3       2       32002	2.5	100	0.97	0.10	0.28
6915            4       2       32002	2.5	100	0.97	0.10	0.28
6915            5       2       32002	2.5	100	0.97	0.10	0.28
6915            6       2       32002	2.5	100	0.97	0.10	0.28
6915            7       2       32002	2.5	100	0.97	0.10	0.28
6915            8       2       32002	2.5	100	0.97	0.10	0.28
6915            9       2       32002	2.5	100	0.97	0.10	0.28
6915            10      2       32002	2.5	100	0.97	0.10	0.28


end