//=================================================================================================================================================================================================================================================
// Wings 2.5
//=================================================================================================================================================================================================================================================
//In	IIndex	DefA	IncDmgA	IncDmgB	DecDmgA	DecDmgB	                Opt1	Opt1	Opt2	Opt2   	Opt3	Opt3	NewOpt1	NewOpt1	NewOpt2	NewOpt2	NewOpt3	NewOpt3	NewOpt4	NewOpt4	ModelType	ModelName         Class
0	6294	4	145	2	65	2	                80	4	85	1	83	4	110	3	111	3	109	3	108	3	1	        "Wing280"         //Dark Lord Rage Fighter
1	6295	4	145	2	65	2	                80	4	85	1	83	4	110	3	111	3	109	3	108	3	0	        "Wing281"         //Knight Magic
2	6296	4	145	2	65	2	                80	4	85	1	83	4	110	3	111	3	109	3	108	3	0	        "Wing282"         //Wizard Magic Sum
3	6297	4	145	2	65	2	                80	4	85	1	83	4	110	3	111	3	109	3	108	3	0	        "Wing283"         //Elf
//=================================================================================================================================================================================================================================================
// Wings Level 4
//=================================================================================================================================================================================================================================================
//In	IIndex	DefA	IncDmgA	IncDmgB	DecDmgA	DecDmgB	                Opt1	Opt1	Opt2	Opt2   	Opt3	Opt3	NewOpt1	NewOpt1	NewOpt2	NewOpt2	NewOpt3	NewOpt3	NewOpt4	NewOpt4	ModelType	ModelName         Class
4	6298	70	145	2	65	2	                80	4	85	1	83	4	110	6	111	6	109	6	108	6	0	        "Wing401"         //Wizard
5	6299	70	145	2	65	2	                80	4	85	1	83	4	110	6	111	6	109	6	108	6	0	        "Wing402"         //Knight
6	6300	70	145	2	65	2	                80	4	85	1	83	4	110	6	111	6	109	6	108	6	0	        "Wing403"         //Elf
7	6301	70	145	2	65	2	                80	4	85	1	83	4	110	6	111	6	109	6	108	6	0	        "Wing404"         //Magic Gladiator
8	6302	70	145	2	65	2	                80	4	85	1	83	4	110	6	111	6	109	6	108	6	1	        "Wing405"         //Dark Lord
9	6303	70	145	2	65	2	                80	4	85	1	83	4	110	6	111	6	109	6	108	6	0	        "Wing406"         //Summoner
10	6304	70	145	2	65	2	                80	4	85	1	83	4	110	6	111	6	109	6	108	6	1	        "Wing407"         //Rage Fighter
//=================================================================================================================================================================================================================================================
// Special Wings (Conqueror, Angel and Devil, Power
//=================================================================================================================================================================================================================================================
//In	IIndex	DefA	IncDmgA	IncDmgB	DecDmgA	DecDmgB	                Opt1	Opt1	Opt2	Opt2   	Opt3	Opt3	NewOpt1	NewOpt1	NewOpt2	NewOpt2	NewOpt3	NewOpt3	NewOpt4	NewOpt4	ModelType	ModelName         Class
11	6305	4	145	    2	    65	    2	    80	4	85	1	83	4	110	10	111	10	109	10	108	10	0	        "ConquerorWing"   //All
12	6306	4	145	    2	    65	    2	    80	4	85	1	83	4	110	10	111	10	109	10	108	10	0	        "AngelandDevilWing"         //All
13	6307	4	145     2       65      2	    80	4	85	1	83	4	110	10	111	10	109	10	108	10	1	        "WingsOfPower"    //All

//=================================================================================================================================================================================================================================================
//In	IIndex	DefA	IncDmgA	IncDmgB	DecDmgA	DecDmgB	                Opt1	Opt1	Opt2	Opt2   	Opt3	Opt3	NewOpt1	NewOpt1	NewOpt2	NewOpt2	NewOpt3	NewOpt3	NewOpt4	NewOpt4	ModelType	ModelName         Class
14	6308	4	145	    2	    65	    2	    80	4	85	1	83	4	110	5	111	5	109	5	108	5	0	        "Wing52"   //All
15	6309	4	145	    2	    65	    2	    80	4	85	1	83	4	110	5	111	5	109	5	108	5	0	        "Wing53"         //All
16	6310	30	145     2       65      2	    80	4	85	1	83	4	110	5	111	5	109	5	108	5	0	        "Wing55"    //All
17	6311	30	145     2       65      2	    80	4	85	1	83	4	110	5	111	5	109	5	108	5	0	        "Wing54"    //All
18	6312	30	145     2       65      2	    80	4	85	1	83	4	110	5	111	5	109	5	108	5	0	        "GuncrahserWing3rd"    //All
19	6313	30	145     2       65      2	    80	4	85	1	83	4	110	5	111	5	109	5	108	5	0	        "GuncrasherWing4th"    //All
20	6314	30	145     2       65      2	    80	4	85	1	83	4	110	5	111	5	109	5	108	5	0	        "Wing106"    //All
21	6315	30	145     2       65      2	    80	4	85	1	83	4	110	5	111	5	109	5	108	5	0	        "Wing107"    //All
22	6316	30	145     2       65      2	    80	4	85	1	83	4	110	5	111	5	109	5	108	5	0	        "Wing108"    //All

////=================================================================================================================================================================================================================================================
//// Special Wings Slayer / Rune Wizard / GunCrasher
////=================================================================================================================================================================================================================================================
////In	IIndex	DefA	IncDmgA	IncDmgB	DecDmgA	DecDmgB	                Opt1	Opt1	Opt2	Opt2   	Opt3	Opt3	NewOpt1	NewOpt1	NewOpt2	NewOpt2	NewOpt3	NewOpt3	NewOpt4	NewOpt4	ModelType	ModelName         Class
//14	6431	4	145	    2	    65	    2	                80	4	85	1	83	4	110	5	111	5	109	5	108	5	0	        "Wing52"   //All
//15	6432	4	145	    2	    65	    2	                80	4	85	1	83	4	110	5	111	5	109	5	108	5	0	        "Wing53"         //All
//16	6433	30	145     2       65      2	                80	4	85	1	83	4	110	5	111	5	109	5	108	5	0	        "Wing55"    //All
//17	6434	30	145     2       65      2	                80	4	85	1	83	4	110	5	111	5	109	5	108	5	0	        "Wing54"    //All
//18	6435	30	145     2       65      2	                80	4	85	1	83	4	110	5	111	5	109	5	108	5	0	        "GuncrahserWing3rd"    //All
//19	6436	30	145     2       65      2	                80	4	85	1	83	4	110	5	111	5	109	5	108	5	0	        "GuncrasherWing4th"    //All
//=================================================================================================================================================================================================================================================
//// Custom
//=================================================================================================================================================================================================================================================
//In	IIndex	DefA	IncDmgA	IncDmgB	DecDmgA	DecDmgB	                Opt1	Opt1	Opt2	Opt2   	Opt3	Opt3	NewOpt1	NewOpt1	NewOpt2	NewOpt2	NewOpt3	NewOpt3	NewOpt4	NewOpt4	ModelType	ModelName         Class
//20	6437	30	145     2       65      2	                80	4	85	1	83	4	110	5	111	5	109	5	108	5	0	        "Wing106"    //All
//21	6438	30	145     2       65      2	                80	4	85	1	83	4	110	5	111	5	109	5	108	5	0	        "Wing107"    //All
//22	6439	30	145     2       65      2	                80	4	85	1	83	4	110	5	111	5	109	5	108	5	0	        "Wing108"    //All
end