//------------------------------------------------------------------------------
// Developer Project: takumi12 
// Developer System: Kind
//------------------------------------------------------------------------------
// Item Start
//------------------------------------------------------------------------------
// Descripcion: Paquete de bienvenida para nuevos jugadores.
// -----------------------------------------------------------------------------
// Class: 0 = Dark Wizard
// Class: 1 = Dark Knight
// Class: 2 = Muse Elf
// Class: 3 = Magic Gladiator
// Class: 4 = Dark Lord
// Class: 5 = Summoner
// Class: 6 = Rage Fighter
// ------------------------------------------------------------------------------
//////////////////////////////////////////////////////////////////////////////////////////////////////////////////////////////
//Start Character Buff
//////////////////////////////////////////////////////////////////////////////////////////////////////////////////////////////
// Type: Skill Buff [1] || Buff Ticket [0]
0
//Class	Type	Index  Level   Dur   Skill   Luck   Option   ExcOp	SetOp	JoH	OEx	Socket1	Socket2	Socket3	Socket4	Socket5 Time
0		7		52     9       1     0	     1	    7	     1		5       0   0       210		222		212		213		214	365
0		8		52     9       1     0	     1	    7	     1		5       0   0       210		222		212		213		214	365
0		9		52     9       1     0	     1	    7	     1		5       0   0       210		222		212		213		214	365
0		10		52     9       1     0	     1	    7	     1		5       0   0       210		222		212		213		236	365
0		11		52     9       1     0	     1	    7	     1		5       0   0       210		222		212		213		236	365
0		5		31     9       1     1	     1	    7	     1		0       0   0       200		204		218		230		232	365
0		6		20     9       1     1	     1	    7	     1		0       0   0       200		204		218		230		232	365
0		12		37     9       1     1	     1	    7	     1		0       0   0       255		255		255		255		255	365
0		14		450    0       1     0	     0	    0	     0		0       0   0       0		0		0		0		0	365

1		7		46     9       1     0	     1	    7	     1		0       0   0       210		222		212		213		214	365
1		8		46     9       1     0	     1	    7	     1		0       0   0       210		222		212		213		214	365
1		9		46     9       1     0	     1	    7	     1		0       0   0       210		222		212		213		214	365
1		10		46     9       1     0	     1	    7	     1		0       0   0       210		222		212		213		236	365
1		11		46     9       1     0	     1	    7	     1		0       0   0       210		222		212		213		236	365
1		0		27     9       1     1	     1	    7	     1		0       0   0       200		204		218		230		232	365
1		6		17     9       1     1	     1	    7	     1		0       0   0       200		204		218		230		232	365
1		12		36     9       1     1	     1	    7	     1		0       0   0       255		255		255		255		255	365
1		14		450    0       1     0	     0	    0	     0		0       0   0       0		0		0		0		0	365

2		7		49     9       1     0	     1	    7	     1		0       0   0       210		222		212		213		214	365
2		8		49     9       1     0	     1	    7	     1		0       0   0       210		222		212		213		214	365
2		9		49     9       1     0	     1	    7	     1		0       0   0       210		222		212		213		214	365
2		10		49     9       1     0	     1	    7	     1		0       0   0       210		222		212		213		236	365
2		11		49     9       1     0	     1	    7	     1		0       0   0       210		222		212		213		236	365
2		4		24     9       1     1	     1	    7	     1		0       0   0       200		204		218		230		232	365
2		12		38     9       1     1	     1	    7	     1		0       0   0       255		255		255		255		255	365
2		14		450    0       1     0	     0	    0	     0		0       0   0       0		0		0		0		0	365

3		8		48     9       1     0	     1	    7	     1		0       0   0       210		222		212		213		214	365
3		9		48     9       1     0	     1	    7	     1		0       0   0       210		222		212		213		214	365
3		10		48     9       1     0	     1	    7	     1		0       0   0       210		222		212		213		214	365
3		11		48     9       1     0	     1	    7	     1		0       0   0       210		222		212		213		236	365
3		0		28     9       1     1	     1	    7	     1		0       0   0       200		204		218		230		232	365
3		0		28     9       1     1	     1	    7	     1		0       0   0       200		204		218		230		232	365
3		12		39     9       1     1	     1	    7	     1		0       0   0       255		255		255		255		255	365
3		14		450    0       1     0	     0	    0	     0		0       0   0       0		0		0		0		0	365

4		7		51     9       1     0	     1	    7	     1		0       0   0       210		222		212		213		214	365
4		8		51     9       1     0	     1	    7	     1		0       0   0       210		222		212		213		214	365
4		9		51     9       1     0	     1	    7	     1		0       0   0       210		222		212		213		214	365
4		10		51     9       1     0	     1	    7	     1		0       0   0       210		222		212		213		236	365
4		11		51     9       1     0	     1	    7	     1		0       0   0       210		222		212		213		236	365
4		2		17     9       1     1	     1	    7	     1		0       0   0       200		204		218		230		232	365
4		6		21     9       1     1	     1	    7	     1		0       0   0       200		204		218		230		232	365
4		12		40     9       1     1	     1	    7	     1		0       0   0       255		255		255		255		255	365
4		14		450    0       1     0	     0	    0	     0		0       0   0       0		0		0		0		0	365

5		7		53     9       1     0	     1	    7	     1		0       0   0       210		222		212		213		214	365
5		8		53     9       1     0	     1	    7	     1		0       0   0       210		222		212		213		214	365
5		9		53     9       1     0	     1	    7	     1		0       0   0       210		222		212		213		214	365
5		10		53     9       1     0	     1	    7	     1		0       0   0       210		222		212		213		236	365
5		11		53     9       1     0	     1	    7	     1		0       0   0       210		222		212		213		236	365
5		5		23     9       1     1	     1	    7	     1		0       0   0       200		204		218		230		232	365
5		5		34     9       1     1	     1	    7	     1		0       0   0       200		204		218		230		232	365
5		12		43     9       1     1	     1	    7	     1		0       0   0       255		255		255		255		255	365
5		14		450    0       1     0	     0	    0	     0		0       0   0       0		0		0		0		0	365

6		7		73     9       1     0	     1	    7	     1		0       0   0       210		222		212		213		214	365
6		8		73     9       1     0	     1	    7	     1		0       0   0       210		222		212		213		214	365
6		9		73     9       1     0	     1	    7	     1		0       0   0       210		222		212		213		214	365
6		11		73     9       1     0	     1	    7	     1		0       0   0       210		222		212		213		236	365
6		0		35     9       1     1	     1	    7	     1		0       0   0       200		204		218		230		232	365
6		0		35     9       1     1	     1	    7	     1		0       0   0       200		204		218		230		232	365
6		12		49     9       1     1	     1	    7	     1		0       0   0       255		255		255		255		255	365
6		14		450    0       1     0	     0	    0	     0		0       0   0       0		0		0		0		0	365

end

//////////////////////////////////////////////////////////////////////////////////////////////////////////////////////////////
//Start Character Buff
//////////////////////////////////////////////////////////////////////////////////////////////////////////////////////////////
1
// 	DW -> 0
//class	Type	Effect	Power1	Power2	Time
	0	0		44		30		0		86400
	0	0		45		30		0		86400
	0	0		46		30		0		86400
	0	0		47		30		0		86400
	0	0		48		30		0		86400
	0	0		49		30		0		86400
	0	0		89		30		0		86400
	0	0		90		30		0		86400
	0	0		3		30		0		86400 //Elf Soldier Buff


// 	DK -> 1
//class	Type	Effect	Power1	Power2	Time
	1	0		44		30		0		86400
	1	0		45		30		0		86400
	1	0		46		30		0		86400
	1	0		47		30		0		86400
	1	0		48		30		0		86400
	1	0		49		30		0		86400
	1	0		89		30		0		86400
	1	0		90		30		0		86400
	1	0		3		30		0		86400 //Elf Soldier Buff

// 	FE -> 2
//class	Type	Effect	Power1	Power2	Time
	2	0		44		30		0		86400
	2	0		45		30		0		86400
	2	0		46		30		0		86400
	2	0		47		30		0		86400
	2	0		48		30		0		86400
	2	0		49		30		0		86400
	2	0		89		30		0		86400
	2	0		90		30		0		86400
	2	0		3		30		0		86400  //Elf Soldier Buff

// 	MG -> 3
//class	Type	Effect	Power1	Power2	Time
	3	0		44		30		0		86400
	3	0		45		30		0		86400
	3	0		46		30		0		86400
	3	0		47		30		0		86400
	3	0		48		30		0		86400
	3	0		49		30		0		86400
	3	0		89		30		0		86400
	3	0		90		30		0		86400
	3	0		3		30		0		86400  //Elf Soldier Buff

// 	DL -> 4
//class	Type	Effect	Power1	Power2	Time
	4	0		44		30		0		86400
	4	0		45		30		0		86400
	4	0		46		30		0		86400
	4	0		47		30		0		86400
	4	0		48		30		0		86400
	4	0		49		30		0		86400
	4	0		89		30		0		86400
	4	0		90		30		0		86400
	4	0		3		30		0		86400  //Elf Soldier Buff

// 	SU -> 5
//class	Type	Effect	Power1	Power2	Time
	5	0		44		30		0		86400
	5	0		45		30		0		86400
	5	0		46		30		0		86400
	5	0		47		30		0		86400
	5	0		48		30		0		86400
	5	0		49		30		0		86400
	5	0		89		30		0		86400
	5	0		90		30		0		86400
	5	0		3		30		0		86400  //Elf Soldier Buff

//	RF -> 6
//class	Type	Effect	Power1	Power2	Time
	6	0		44		30		0		86400
	6	0		45		30		0		86400
	6	0		46		30		0		86400
	6	0		47		30		0		86400
	6	0		48		30		0		86400
	6	0		49		30		0		86400
	6	0		89		30		0		86400
	6	0		90		30		0		86400
	6	0		3		30		0		86400  //Elf Soldier Buff
end
